1
35
0
8
4
1
35
0
8
4
1
35
0
8
4
1
35
0
8
4
1
35
0
8
4
1
35
0
8
4
1
35
0
8
4
1
35
0
8
4
1
35
0
8
4
1
35
0
8
4
1
35
0
8
4
1
35
0
8
4
1
35
0
8
4
1
35
0
8
4
1
35
0
8
4
1
35
0
8
4
1
35
0
8
4
1
35
0
8
4
1
35
0
8
4
1
35
0
8
4
1
35
0
8
4
1
35
0
8
4
1
35
0
8
4
1
35
0
8
4
1
35
0
8
4
1
35
0
8
4
1
35
0
8
4
1
35
0
8
4
1
35
0
8
4
1
35
0
8
4
1
35
0
8
4
1
35
0
8
4
1
35
0
8
4
1
35
0
8
4
1
35
0
8
4
1
35
0
8
4
1
35
0
8
4
1
35
0
8
4
1
35
0
8
4
1
35
0
8
4
1
35
0
8
4
1
35
0
8
4
1
35
0
8
4
1
35
0
8
4
1
35
0
8
4
1
35
0
8
4
1
35
0
8
4
1
35
0
8
4
1
35
0
8
4
1
35
0
8
4
