1
89
123
121
4
34
223
2
103
50
1
89
123
121
4
34
223
2
103
50
1
89
123
121
4
34
223
2
103
50
1
89
123
121
4
34
223
2
103
50
1
89
123
121
4
34
223
2
103
50
1
89
123
121
4
34
223
2
103
50
1
89
123
121
4
34
223
2
103
50
1
89
123
121
4
34
223
2
103
50
1
89
123
121
4
34
223
2
103
50
1
89
123
121
4
34
223
2
103
50
1
89
123
121
4
34
223
2
103
50
1
89
123
121
4
34
223
2
103
50
1
89
123
121
4
34
223
2
103
50
1
89
123
121
4
34
223
2
103
50
1
89
123
121
4
34
223
2
103
50
1
89
123
121
4
34
223
2
103
50
1
89
123
121
4
34
223
2
103
50
1
89
123
121
4
34
223
2
103
50
1
89
123
121
4
34
223
2
103
50
1
89
123
121
4
34
223
2
103
50
1
89
123
121
4
34
223
2
103
50
1
89
123
121
4
34
223
2
103
50
1
89
123
121
4
34
223
2
103
50
1
89
123
121
4
34
223
2
103
50
1
89
123
121
4
34
223
2
103
50
1
89
123
121
4
34
223
2
103
50
1
89
123
121
4
34
223
2
103
50
1
89
123
121
4
34
223
2
103
50
1
89
123
121
4
34
223
2
103
50
1
89
123
121
4
34
223
2
103
50
1
89
123
121
4
34
223
2
103
50
1
89
123
121
4
34
223
2
103
50
1
89
123
121
4
34
223
2
103
50
1
89
123
121
4
34
223
2
103
50
1
89
123
121
4
34
223
2
103
50
1
89
123
121
4
34
223
2
103
50
1
89
123
121
4
34
223
2
103
50
1
89
123
121
4
34
223
2
103
50
1
89
123
121
4
34
223
2
103
50
1
89
123
121
4
34
223
2
103
50
1
89
123
121
4
34
223
2
103
50
1
89
123
121
4
34
223
2
103
50
1
89
123
121
4
34
223
2
103
50
1
89
123
121
4
34
223
2
103
50
1
89
123
121
4
34
223
2
103
50
1
89
123
121
4
34
223
2
103
50
1
89
123
121
4
34
223
2
103
50
1
89
123
121
4
34
223
2
103
50
1
89
123
121
4
34
223
2
103
50
1
89
123
121
4
34
223
2
103
50
