60
47
48
22
65
170
68
71
53
63
60
47
48
22
65
170
68
71
53
63
60
47
48
22
65
170
68
71
53
63
60
47
48
22
65
170
68
71
53
63
60
47
48
22
65
170
68
71
53
63
60
47
48
22
65
170
68
71
53
63
60
47
48
22
65
170
68
71
53
63
60
47
48
22
65
170
68
71
53
63
60
47
48
22
65
170
68
71
53
63
60
47
48
22
65
170
68
71
53
63
60
47
48
22
65
170
68
71
53
63
60
47
48
22
65
170
68
71
53
63
60
47
48
22
65
170
68
71
53
63
60
47
48
22
65
170
68
71
53
63
60
47
48
22
65
170
68
71
53
63
60
47
48
22
65
170
68
71
53
63
60
47
48
22
65
170
68
71
53
63
60
47
48
22
65
170
68
71
53
63
60
47
48
22
65
170
68
71
53
63
60
47
48
22
65
170
68
71
53
63
60
47
48
22
65
170
68
71
53
63
60
47
48
22
65
170
68
71
53
63
60
47
48
22
65
170
68
71
53
63
60
47
48
22
65
170
68
71
53
63
60
47
48
22
65
170
68
71
53
63
60
47
48
22
65
170
68
71
53
63
60
47
48
22
65
170
68
71
53
63
60
47
48
22
65
170
68
71
53
63
60
47
48
22
65
170
68
71
53
63
60
47
48
22
65
170
68
71
53
63
60
47
48
22
65
170
68
71
53
63
60
47
48
22
65
170
68
71
53
63
60
47
48
22
65
170
68
71
53
63
60
47
48
22
65
170
68
71
53
63
60
47
48
22
65
170
68
71
53
63
60
47
48
22
65
170
68
71
53
63
60
47
48
22
65
170
68
71
53
63
60
47
48
22
65
170
68
71
53
63
60
47
48
22
65
170
68
71
53
63
60
47
48
22
65
170
68
71
53
63
60
47
48
22
65
170
68
71
53
63
60
47
48
22
65
170
68
71
53
63
60
47
48
22
65
170
68
71
53
63
60
47
48
22
65
170
68
71
53
63
60
47
48
22
65
170
68
71
53
63
60
47
48
22
65
170
68
71
53
63
60
47
48
22
65
170
68
71
53
63
60
47
48
22
65
170
68
71
53
63
60
47
48
22
65
170
68
71
53
63
60
47
48
22
65
170
68
71
53
63
