27
90
12
13
243
95
41
183
246
11
27
90
12
13
243
95
41
183
246
11
27
90
12
13
243
95
41
183
246
11
27
90
12
13
243
95
41
183
246
11
27
90
12
13
243
95
41
183
246
11
27
90
12
13
243
95
41
183
246
11
27
90
12
13
243
95
41
183
246
11
27
90
12
13
243
95
41
183
246
11
27
90
12
13
243
95
41
183
246
11
27
90
12
13
243
95
41
183
246
11
27
90
12
13
243
95
41
183
246
11
27
90
12
13
243
95
41
183
246
11
27
90
12
13
243
95
41
183
246
11
27
90
12
13
243
95
41
183
246
11
27
90
12
13
243
95
41
183
246
11
27
90
12
13
243
95
41
183
246
11
27
90
12
13
243
95
41
183
246
11
27
90
12
13
243
95
41
183
246
11
27
90
12
13
243
95
41
183
246
11
27
90
12
13
243
95
41
183
246
11
27
90
12
13
243
95
41
183
246
11
27
90
12
13
243
95
41
183
246
11
27
90
12
13
243
95
41
183
246
11
27
90
12
13
243
95
41
183
246
11
27
90
12
13
243
95
41
183
246
11
27
90
12
13
243
95
41
183
246
11
27
90
12
13
243
95
41
183
246
11
27
90
12
13
243
95
41
183
246
11
27
90
12
13
243
95
41
183
246
11
27
90
12
13
243
95
41
183
246
11
27
90
12
13
243
95
41
183
246
11
27
90
12
13
243
95
41
183
246
11
27
90
12
13
243
95
41
183
246
11
27
90
12
13
243
95
41
183
246
11
27
90
12
13
243
95
41
183
246
11
27
90
12
13
243
95
41
183
246
11
27
90
12
13
243
95
41
183
246
11
27
90
12
13
243
95
41
183
246
11
27
90
12
13
243
95
41
183
246
11
27
90
12
13
243
95
41
183
246
11
27
90
12
13
243
95
41
183
246
11
27
90
12
13
243
95
41
183
246
11
27
90
12
13
243
95
41
183
246
11
27
90
12
13
243
95
41
183
246
11
27
90
12
13
243
95
41
183
246
11
27
90
12
13
243
95
41
183
246
11
27
90
12
13
243
95
41
183
246
11
27
90
12
13
243
95
41
183
246
11
27
90
12
13
243
95
41
183
246
11
27
90
12
13
243
95
41
183
246
11
