16
84
47
83
76
17
225
272
22
91
16
84
47
83
76
17
225
272
22
91
16
84
47
83
76
17
225
272
22
91
16
84
47
83
76
17
225
272
22
91
16
84
47
83
76
17
225
272
22
91
16
84
47
83
76
17
225
272
22
91
16
84
47
83
76
17
225
272
22
91
16
84
47
83
76
17
225
272
22
91
16
84
47
83
76
17
225
272
22
91
16
84
47
83
76
17
225
272
22
91
16
84
47
83
76
17
225
272
22
91
16
84
47
83
76
17
225
272
22
91
16
84
47
83
76
17
225
272
22
91
16
84
47
83
76
17
225
272
22
91
16
84
47
83
76
17
225
272
22
91
16
84
47
83
76
17
225
272
22
91
16
84
47
83
76
17
225
272
22
91
16
84
47
83
76
17
225
272
22
91
16
84
47
83
76
17
225
272
22
91
16
84
47
83
76
17
225
272
22
91
16
84
47
83
76
17
225
272
22
91
16
84
47
83
76
17
225
272
22
91
16
84
47
83
76
17
225
272
22
91
16
84
47
83
76
17
225
272
22
91
16
84
47
83
76
17
225
272
22
91
16
84
47
83
76
17
225
272
22
91
16
84
47
83
76
17
225
272
22
91
16
84
47
83
76
17
225
272
22
91
16
84
47
83
76
17
225
272
22
91
16
84
47
83
76
17
225
272
22
91
16
84
47
83
76
17
225
272
22
91
16
84
47
83
76
17
225
272
22
91
16
84
47
83
76
17
225
272
22
91
16
84
47
83
76
17
225
272
22
91
16
84
47
83
76
17
225
272
22
91
16
84
47
83
76
17
225
272
22
91
16
84
47
83
76
17
225
272
22
91
16
84
47
83
76
17
225
272
22
91
16
84
47
83
76
17
225
272
22
91
16
84
47
83
76
17
225
272
22
91
16
84
47
83
76
17
225
272
22
91
16
84
47
83
76
17
225
272
22
91
16
84
47
83
76
17
225
272
22
91
16
84
47
83
76
17
225
272
22
91
16
84
47
83
76
17
225
272
22
91
16
84
47
83
76
17
225
272
22
91
16
84
47
83
76
17
225
272
22
91
16
84
47
83
76
17
225
272
22
91
16
84
47
83
76
17
225
272
22
91
16
84
47
83
76
17
225
272
22
91
