5
7
105
91
666
671
239
171
113
12
125
27
243
23
241
38
321
21
111
827
5
7
105
91
666
671
239
171
113
12
125
27
243
23
241
38
321
21
111
827
5
7
105
91
666
671
239
171
113
12
125
27
243
23
241
38
321
21
111
827
5
7
105
91
666
671
239
171
113
12
125
27
243
23
241
38
321
21
111
827
5
7
105
91
666
671
239
171
113
12
125
27
243
23
241
38
321
21
111
827
5
7
105
91
666
671
239
171
113
12
125
27
243
23
241
38
321
21
111
827
5
7
105
91
666
671
239
171
113
12
125
27
243
23
241
38
321
21
111
827
5
7
105
91
666
671
239
171
113
12
125
27
243
23
241
38
321
21
111
827
5
7
105
91
666
671
239
171
113
12
125
27
243
23
241
38
321
21
111
827
5
7
105
91
666
671
239
171
113
12
125
27
243
23
241
38
321
21
111
827
5
7
105
91
666
671
239
171
113
12
125
27
243
23
241
38
321
21
111
827
5
7
105
91
666
671
239
171
113
12
125
27
243
23
241
38
321
21
111
827
5
7
105
91
666
671
239
171
113
12
125
27
243
23
241
38
321
21
111
827
5
7
105
91
666
671
239
171
113
12
125
27
243
23
241
38
321
21
111
827
5
7
105
91
666
671
239
171
113
12
125
27
243
23
241
38
321
21
111
827
5
7
105
91
666
671
239
171
113
12
125
27
243
23
241
38
321
21
111
827
5
7
105
91
666
671
239
171
113
12
125
27
243
23
241
38
321
21
111
827
5
7
105
91
666
671
239
171
113
12
125
27
243
23
241
38
321
21
111
827
5
7
105
91
666
671
239
171
113
12
125
27
243
23
241
38
321
21
111
827
5
7
105
91
666
671
239
171
113
12
125
27
243
23
241
38
321
21
111
827
5
7
105
91
666
671
239
171
113
12
125
27
243
23
241
38
321
21
111
827
5
7
105
91
666
671
239
171
113
12
125
27
243
23
241
38
321
21
111
827
5
7
105
91
666
671
239
171
113
12
125
27
243
23
241
38
321
21
111
827
5
7
105
91
666
671
239
171
113
12
125
27
243
23
241
38
321
21
111
827
5
7
105
91
666
671
239
171
113
12
125
27
243
23
241
38
321
21
111
827
5
7
105
91
666
671
239
171
113
12
125
27
243
23
241
38
321
21
111
827
5
7
105
91
666
671
239
171
113
12
125
27
243
23
241
38
321
21
111
827
5
7
105
91
666
671
239
171
113
12
125
27
243
23
241
38
321
21
111
827
5
7
105
91
666
671
239
171
113
12
125
27
243
23
241
38
321
21
111
827
5
7
105
91
666
671
239
171
113
12
125
27
243
23
241
38
321
21
111
827
5
7
105
91
666
671
239
171
113
12
125
27
243
23
241
38
321
21
111
827
5
7
105
91
666
671
239
171
113
12
125
27
243
23
241
38
321
21
111
827
5
7
105
91
666
671
239
171
113
12
125
27
243
23
241
38
321
21
111
827
5
7
105
91
666
671
239
171
113
12
125
27
243
23
241
38
321
21
111
827
5
7
105
91
666
671
239
171
113
12
125
27
243
23
241
38
321
21
111
827
5
7
105
91
666
671
239
171
113
12
125
27
243
23
241
38
321
21
111
827
5
7
105
91
666
671
239
171
113
12
125
27
243
23
241
38
321
21
111
827
5
7
105
91
666
671
239
171
113
12
125
27
243
23
241
38
321
21
111
827
5
7
105
91
666
671
239
171
113
12
125
27
243
23
241
38
321
21
111
827
5
7
105
91
666
671
239
171
113
12
125
27
243
23
241
38
321
21
111
827
5
7
105
91
666
671
239
171
113
12
125
27
243
23
241
38
321
21
111
827
5
7
105
91
666
671
239
171
113
12
125
27
243
23
241
38
321
21
111
827
5
7
105
91
666
671
239
171
113
12
125
27
243
23
241
38
321
21
111
827
5
7
105
91
666
671
239
171
113
12
125
27
243
23
241
38
321
21
111
827
5
7
105
91
666
671
239
171
113
12
125
27
243
23
241
38
321
21
111
827
5
7
105
91
666
671
239
171
113
12
125
27
243
23
241
38
321
21
111
827
5
7
105
91
666
671
239
171
113
12
125
27
243
23
241
38
321
21
111
827
5
7
105
91
666
671
239
171
113
12
125
27
243
23
241
38
321
21
111
827
5
7
105
91
666
671
239
171
113
12
125
27
243
23
241
38
321
21
111
827
5
7
105
91
666
671
239
171
113
12
125
27
243
23
241
38
321
21
111
827
