546
533
861
540
352
545
326
127
585
1229
70
763
65
107
529
399
370
365
777
625
546
533
861
540
352
545
326
127
585
1229
70
763
65
107
529
399
370
365
777
625
546
533
861
540
352
545
326
127
585
1229
70
763
65
107
529
399
370
365
777
625
546
533
861
540
352
545
326
127
585
1229
70
763
65
107
529
399
370
365
777
625
546
533
861
540
352
545
326
127
585
1229
70
763
65
107
529
399
370
365
777
625
546
533
861
540
352
545
326
127
585
1229
70
763
65
107
529
399
370
365
777
625
546
533
861
540
352
545
326
127
585
1229
70
763
65
107
529
399
370
365
777
625
546
533
861
540
352
545
326
127
585
1229
70
763
65
107
529
399
370
365
777
625
546
533
861
540
352
545
326
127
585
1229
70
763
65
107
529
399
370
365
777
625
546
533
861
540
352
545
326
127
585
1229
70
763
65
107
529
399
370
365
777
625
546
533
861
540
352
545
326
127
585
1229
70
763
65
107
529
399
370
365
777
625
546
533
861
540
352
545
326
127
585
1229
70
763
65
107
529
399
370
365
777
625
546
533
861
540
352
545
326
127
585
1229
70
763
65
107
529
399
370
365
777
625
546
533
861
540
352
545
326
127
585
1229
70
763
65
107
529
399
370
365
777
625
546
533
861
540
352
545
326
127
585
1229
70
763
65
107
529
399
370
365
777
625
546
533
861
540
352
545
326
127
585
1229
70
763
65
107
529
399
370
365
777
625
546
533
861
540
352
545
326
127
585
1229
70
763
65
107
529
399
370
365
777
625
546
533
861
540
352
545
326
127
585
1229
70
763
65
107
529
399
370
365
777
625
546
533
861
540
352
545
326
127
585
1229
70
763
65
107
529
399
370
365
777
625
546
533
861
540
352
545
326
127
585
1229
70
763
65
107
529
399
370
365
777
625
546
533
861
540
352
545
326
127
585
1229
70
763
65
107
529
399
370
365
777
625
546
533
861
540
352
545
326
127
585
1229
70
763
65
107
529
399
370
365
777
625
546
533
861
540
352
545
326
127
585
1229
70
763
65
107
529
399
370
365
777
625
546
533
861
540
352
545
326
127
585
1229
70
763
65
107
529
399
370
365
777
625
546
533
861
540
352
545
326
127
585
1229
70
763
65
107
529
399
370
365
777
625
546
533
861
540
352
545
326
127
585
1229
70
763
65
107
529
399
370
365
777
625
546
533
861
540
352
545
326
127
585
1229
70
763
65
107
529
399
370
365
777
625
546
533
861
540
352
545
326
127
585
1229
70
763
65
107
529
399
370
365
777
625
546
533
861
540
352
545
326
127
585
1229
70
763
65
107
529
399
370
365
777
625
546
533
861
540
352
545
326
127
585
1229
70
763
65
107
529
399
370
365
777
625
546
533
861
540
352
545
326
127
585
1229
70
763
65
107
529
399
370
365
777
625
546
533
861
540
352
545
326
127
585
1229
70
763
65
107
529
399
370
365
777
625
546
533
861
540
352
545
326
127
585
1229
70
763
65
107
529
399
370
365
777
625
546
533
861
540
352
545
326
127
585
1229
70
763
65
107
529
399
370
365
777
625
546
533
861
540
352
545
326
127
585
1229
70
763
65
107
529
399
370
365
777
625
546
533
861
540
352
545
326
127
585
1229
70
763
65
107
529
399
370
365
777
625
546
533
861
540
352
545
326
127
585
1229
70
763
65
107
529
399
370
365
777
625
546
533
861
540
352
545
326
127
585
1229
70
763
65
107
529
399
370
365
777
625
546
533
861
540
352
545
326
127
585
1229
70
763
65
107
529
399
370
365
777
625
546
533
861
540
352
545
326
127
585
1229
70
763
65
107
529
399
370
365
777
625
546
533
861
540
352
545
326
127
585
1229
70
763
65
107
529
399
370
365
777
625
546
533
861
540
352
545
326
127
585
1229
70
763
65
107
529
399
370
365
777
625
546
533
861
540
352
545
326
127
585
1229
70
763
65
107
529
399
370
365
777
625
546
533
861
540
352
545
326
127
585
1229
70
763
65
107
529
399
370
365
777
625
546
533
861
540
352
545
326
127
585
1229
70
763
65
107
529
399
370
365
777
625
546
533
861
540
352
545
326
127
585
1229
70
763
65
107
529
399
370
365
777
625
546
533
861
540
352
545
326
127
585
1229
70
763
65
107
529
399
370
365
777
625
546
533
861
540
352
545
326
127
585
1229
70
763
65
107
529
399
370
365
777
625
546
533
861
540
352
545
326
127
585
1229
70
763
65
107
529
399
370
365
777
625
546
533
861
540
352
545
326
127
585
1229
70
763
65
107
529
399
370
365
777
625
