6
46
29
109
27
6
46
29
109
27
6
46
29
109
27
6
46
29
109
27
6
46
29
109
27
6
46
29
109
27
6
46
29
109
27
6
46
29
109
27
6
46
29
109
27
6
46
29
109
27
6
46
29
109
27
6
46
29
109
27
6
46
29
109
27
6
46
29
109
27
6
46
29
109
27
6
46
29
109
27
6
46
29
109
27
6
46
29
109
27
6
46
29
109
27
6
46
29
109
27
6
46
29
109
27
6
46
29
109
27
6
46
29
109
27
6
46
29
109
27
6
46
29
109
27
6
46
29
109
27
6
46
29
109
27
6
46
29
109
27
6
46
29
109
27
6
46
29
109
27
6
46
29
109
27
6
46
29
109
27
6
46
29
109
27
6
46
29
109
27
6
46
29
109
27
6
46
29
109
27
6
46
29
109
27
6
46
29
109
27
6
46
29
109
27
6
46
29
109
27
6
46
29
109
27
6
46
29
109
27
6
46
29
109
27
6
46
29
109
27
6
46
29
109
27
6
46
29
109
27
6
46
29
109
27
6
46
29
109
27
6
46
29
109
27
6
46
29
109
27
