54
18
20
6
84
78
80
103
81
23
54
18
20
6
84
78
80
103
81
23
54
18
20
6
84
78
80
103
81
23
54
18
20
6
84
78
80
103
81
23
54
18
20
6
84
78
80
103
81
23
54
18
20
6
84
78
80
103
81
23
54
18
20
6
84
78
80
103
81
23
54
18
20
6
84
78
80
103
81
23
54
18
20
6
84
78
80
103
81
23
54
18
20
6
84
78
80
103
81
23
54
18
20
6
84
78
80
103
81
23
54
18
20
6
84
78
80
103
81
23
54
18
20
6
84
78
80
103
81
23
54
18
20
6
84
78
80
103
81
23
54
18
20
6
84
78
80
103
81
23
54
18
20
6
84
78
80
103
81
23
54
18
20
6
84
78
80
103
81
23
54
18
20
6
84
78
80
103
81
23
54
18
20
6
84
78
80
103
81
23
54
18
20
6
84
78
80
103
81
23
54
18
20
6
84
78
80
103
81
23
54
18
20
6
84
78
80
103
81
23
54
18
20
6
84
78
80
103
81
23
54
18
20
6
84
78
80
103
81
23
54
18
20
6
84
78
80
103
81
23
54
18
20
6
84
78
80
103
81
23
54
18
20
6
84
78
80
103
81
23
54
18
20
6
84
78
80
103
81
23
54
18
20
6
84
78
80
103
81
23
54
18
20
6
84
78
80
103
81
23
54
18
20
6
84
78
80
103
81
23
54
18
20
6
84
78
80
103
81
23
54
18
20
6
84
78
80
103
81
23
54
18
20
6
84
78
80
103
81
23
54
18
20
6
84
78
80
103
81
23
54
18
20
6
84
78
80
103
81
23
54
18
20
6
84
78
80
103
81
23
54
18
20
6
84
78
80
103
81
23
54
18
20
6
84
78
80
103
81
23
54
18
20
6
84
78
80
103
81
23
54
18
20
6
84
78
80
103
81
23
54
18
20
6
84
78
80
103
81
23
54
18
20
6
84
78
80
103
81
23
54
18
20
6
84
78
80
103
81
23
54
18
20
6
84
78
80
103
81
23
54
18
20
6
84
78
80
103
81
23
54
18
20
6
84
78
80
103
81
23
54
18
20
6
84
78
80
103
81
23
54
18
20
6
84
78
80
103
81
23
54
18
20
6
84
78
80
103
81
23
